//premanent flamanzi
2 portii
11 [4, 2, 2, 2, 2, 2, 2, 2, 2, 1]
13 [4, 2, 2, 2, 2, 2, 2, 2, 1, 2]
10 [4, 2, 2, 2, 2, 2, 2, 2, 1, 2]
9 [4, 2, 2, 2, 2, 2, 2, 2, 2, 1]
9 [4, 2, 2, 2, 2, 2, 2, 2, 2, 1]
11 [4, 2, 2, 2, 2, 2, 2, 2, 1, 2]
11 [4, 2, 2, 2, 2, 2, 2, 2, 1, 2]
10 [4, 2, 2, 2, 2, 2, 2, 1, 2, 2]
10 [4, 2, 2, 2, 2, 2, 2, 2, 2, 1]
9 [4, 2, 2, 2, 2, 2, 2, 2, 1, 2]
10 [4, 2, 2, 2, 2, 2, 2, 2, 2, 1]
9 [4, 2, 2, 2, 2, 2, 2, 2, 2, 1]
9 [4, 2, 2, 2, 2, 2, 2, 2, 2, 1]
11 [4, 2, 2, 2, 2, 2, 2, 2, 2, 1]
9 [4, 2, 2, 2, 2, 2, 2, 1, 2, 2]
//5 portii
11
9
12
8
9
9
9
13
10
9
10
10
11
11
9
9
//9 portii
10
10
11
14
13
9
10
10
9
9
10
9
10
8
9


//o portie / om
9 portii
6
7
6
6
7
6
6
6
7
7
7
7
6
8
7
5 portii
8
8
7
7
7
8
8
7
7
7
7
7
7
7
8
2 portii
9
10
8
8
9
8
8
8
8
8
8
9
8
8
9
52
29
1300
209
1468
781
155
55
76
59
63
62
84
182
71
66
66
91
72
74
341
103
22
22
68
68
68
68
97
72
60
74
72
32
73
67
67
90
61
209
860
94
271
